swinv2_base_window8_256.ms_in1k:
[[  10  192  192  128]
 [  10   96   96  256]
 [  10   48   48  512]
 [  10   24   24 1024]]
swinv2_base_window12_192.ms_in22k:
[[  10  192  192  128]
 [  10   96   96  256]
 [  10   48   48  512]
 [  10   24   24 1024]]
swinv2_base_window12to24_192to384.ms_in22k_ft_in1k:
[[  10  192  192  128]
 [  10   96   96  256]
 [  10   48   48  512]
 [  10   24   24 1024]]
swinv2_cr_small_224.sw_in1k:
[[ 10  96 192 192]
 [ 10 192  96  96]
 [ 10 384  48  48]
 [ 10 768  24  24]]
swinv2_cr_small_ns_224.sw_in1k:
[[ 10  96 192 192]
 [ 10 192  96  96]
 [ 10 384  48  48]
 [ 10 768  24  24]]
swinv2_cr_tiny_ns_224.sw_in1k:
[[ 10  96 192 192]
 [ 10 192  96  96]
 [ 10 384  48  48]
 [ 10 768  24  24]]
swinv2_large_window12_192.ms_in22k:
[[  10  192  192  192]
 [  10   96   96  384]
 [  10   48   48  768]
 [  10   24   24 1536]]
swinv2_large_window12to24_192to384.ms_in22k_ft_in1k:
[[  10  192  192  192]
 [  10   96   96  384]
 [  10   48   48  768]
 [  10   24   24 1536]]
swinv2_small_window8_256.ms_in1k:
[[ 10 192 192  96]
 [ 10  96  96 192]
 [ 10  48  48 384]
 [ 10  24  24 768]]
swinv2_tiny_window8_256.ms_in1k:
[[ 10 192 192  96]
 [ 10  96  96 192]
 [ 10  48  48 384]
 [ 10  24  24 768]]

Failed for swinv2_base_window12to16_192to256.ms_in22k_ft_in1k: shape '[1, 1, 16, 1, 16, 1]' is invalid for input of size 576
Failed for swinv2_base_window16_256.ms_in1k: shape '[1, 1, 16, 1, 16, 1]' is invalid for input of size 576
Failed for swinv2_large_window12to16_192to256.ms_in22k_ft_in1k: shape '[1, 1, 16, 1, 16, 1]' is invalid for input of size 576
Failed for swinv2_small_window16_256.ms_in1k: shape '[1, 1, 16, 1, 16, 1]' is invalid for input of size 576
Failed for swinv2_tiny_window16_256.ms_in1k: shape '[1, 1, 16, 1, 16, 1]' is invalid for input of size 576
